120
140
1078
1058
188
1084
1049
1010
175
149
199
1030
107
115
180
129
1043
194
199
158
1023
157
184
165
1063
1086
1037
1010
144
179
145
1079
117
140
1007
127
174
170
1092
1076
1052
1073
118
149
129
1019
1007
1043
111
141
1007
1026
1049
1061
1075
1037
133
1028
106
105
170
147
158
174
1066
126
1022
1090
125
1015
1091
196
1008
117
1083
110
167
113
1062
163
1098
105
1094
1001
132
1046
1022
105
116
162
1056
1057
151
1019
115
165
1044
1072
1059
120
1095
121
1020
136
1036
1064
199
150
176
193
1002
164
1043
1071
126
1009
121
1043
1093
111
174
1082
1099
1008
116
1093
1017
1023
162
120
110
1089
101
168
158
1076
1040
1011
185
1060
161
176
124
1076
121
149
187
121
108
127
196
115
122
1083
1084
122
1020
1004
116
132
104
1027
140
150
1047
1094
1012
1055
1071
197
149
194
125
1053
102
149
163
1010
181
171
111
161
1014
1059
1083
1005
116
141
1004
1083
1073
1081
1026
145
1062
150
163
118
1015
127
1032
1099
155
181
107
1068
1025
186
127
1021
179
1042
1097
1007
197
1024
126
1046
174
1026
191
181
187
146
1076
1088
142
111
112
1013
167
1016
176
1035
107
1062
179
127
1047
1098
103
1007
1007
192
1090
194
141
143
164
158
149
1047
126
186
1033
105
135
111
1087
181
160
118
107
1014
1030
122
178
1080
1083
184
1038
174
119
165
1072
162
1006
158
1022
163
1052
1005
1078
198
181
1067
1023
1024
157
143
1096
1100
1050
1024
1059
1073
1001
1005
1069
182
185
1045
194
153
1001
1079
150
1011
156
1020
1072
1086
1047
170
192
1006
176
194
151
181
113
107
1098
1013
147
179
127
127
152
1068
1026
160
1028
1040
111
119
131
1074
1074
112
1044
1094
1060
119
1056
1095
1072
1038
161
1041
146
1022
200
1051
1067
1013
153
111
171
1080
114
135
1002
1062
101
135
112
1022
128
1094
125
1023
106
146
1093
1040
139
1082
186
1081
190
135
1062
1077
1057
128
185
1005
1007
136
1051
1023
123
1093
128
103
1014
121
1063
1018
1052
145
117
144
1048
156
101
1009
164
1057
1051
1061
118
196
142
1084
1064
1064
1029
1074
149
111
104
132
160
1027
179
110
1064
129
1051
183
1086
1009
1084
1059
176
1022
159
1050
182
148
1080
167
137
1057
157
175
135
1018
1061
1029
148
130
120
148
169
1027
1064
1056
1009
1093
1083
1037
1067
1031
120
1063
192
1085
1051
167
117
1021
1086
1030
119
1025
1059
1030
170
167
186
147
126
1003
118
1065
1087
1010
1091
101
124
1056
1097
140
1044
1023
1044
1001
118
191
1007
1067
1060
114
1074
1072
1041
164
193
150
1084
1081
183
172
1029
1098
184
1060
187
1052
104
126
174
1004
180
183
121
1074
1011
1015
155
1008
1026
1068
1024
179
1010
1048
102
194
190
192
177
1025
149
154
1068
165
182
1017
1011
1078
123
1041
117
112
1047
1060
124
1058
1012
1061
160
1066
1068
1050
123
1056
119
1075
1038
125
1030
165
1038
149
105
1019
193
1016
167
1071
1065
1012
177
133
195
1023
183
1041
178
1095
198
1007
107
1065
1019
1014
200
156
1088
1033
147
1013
139
177
185
1067
170
198
1025
126
1027
1008
1042
106
103
1018
1055
106
1095
1033
1024
197
140
110
185
161
164
1006
1085
1047
127
188
166
198
131
1099
1086
156
195
1023
1035
1056
144
1041
175
200
133
112
1048
185
1062
159
1082
119
180
193
176
1028
181
1081
119
1069
173
1066
1067
1012
195
1034
1062
167
1079
1017
1038
130
1100
190
1082
1065
1033
1056
147
1100
165
1063
1072
1035
1023
142
1006
1082
194
1037
1028
1032
1001
144
115
1036
115
129
194
1010
1090
1047
1032
1058
132
1009
1028
1024
163
124
110
151
1016
162
183
117
1089
1097
167
191
182
115
1037
184
147
174
107
1022
1054
189
1088
126
1019
109
1077
1064
126
137
1055
134
1095
1026
1041
105
1098
1055
1056
1071
142
1039
162
184
1077
118
116
198
108
1057
1071
175
1020
1007
1089
116
1010
175
1037
1100
1037
153
1046
1077
149
174
123
145
149
113
1022
1036
111
1029
1099
1001
131
1091
159
166
1072
181
131
1036
151
1033
141
182
1018
1019
1043
1091
173
108
1096
1027
185
1028
132
198
154
1058
1008
123
1027
118
1009
1081
1059
174
157
128
151
1083
110
169
1060
168
107
1003
159
1100
1055
126
112
1065
130
161
1047
1013
180
123
1089
1009
1052
1098
1042
1013
1091
1066
153
129
1085
1025
1004
124
127
175
197
168
1038
191
1057
119
1073
1075
112
1051
173
1098
131
1032
125
148
105
1025
1049
1066
103
142
1029
127
159
176
110
1032
1057
122
112
163
160
1074
197
1090
1048
164
1045
194
1098
1062
133
1023
123
185
129
107
155
1067
192
155
157
139
134
1080
1077
1011
1027
1072
1017
126
189
1051
163
117
1026
176
1064
1094
109
1073
1081
178
195
195
1008
1044
131
1077
151
103
1061
149
137
103
192
102
1022
195
174
101
156
1080
1073
1014
1033
1091
1067
1076
1095
1001
190
137
1088
179
1059
1088
116
158
135
176
1001
156
102
1025
114
146
1078
1036
1079
1093
1067
148
1062
1003
1028
1003
185
125
179
1053
1029
1049
1094
173
1051
123
106
152
1083
163
1096
163
125
1007
1029
141
1087
187
128
186
1028
178
112
1061
132
1046
1035
1053
1072
190
1019
1016
1018
122
1020
1006
120
1082
144
168
1032
1091
107
180
109
154
1096
126
164
193
170
124
1004
1016
175
128
1044
143
159
178
1081
1067
1091
125
198
1026
1080
1022
116
1095
1008
116
150
1030
146
1011
144
101
1092
133
111
1077
101
172
168
1080
1024
1094
1014
156
115
1015
1017
108
1040
127
194
1083
134
161
141
1052
169
1040
135
1073
1024
178
169
1065
120
104
1013
166
162
1013
147
1041
176
1062
159
154
1068
120
141
104
137
1075
132
1021
135
120
1064
1021
117
132
147
180
111
1023
1021
176
1082
121
183
147
171
1050
130
1080
1014
1058
1013
1078
1031
1007
1065
1007
166
1021
142
1052
173
1031
126
137
114
1059
1025
1080
1097
1036
1031
142
113
127
195
1008
1018
1014
1030
1084
1100
1028
1052
180
146
176
136
169
1012
109
1072
1090
1087
115
189
106
1003
1052
1027
111
1037
176
159
1025
1052
1015
118
1021
1069
1090
1067
1094
1002
1038
1060
1068
158
1092
1021
1003
1054
1013
1040
1001
1061
1007
1058
1097
1020
1089
1033
1026
156
129
137
102
1006
187
163
1073
1037
124
146
128
1098
142
1084
197
130
1061
170
167
1067
117
1002
1026
197
161
136
192
159
1075
1079
1081
189
108
124
1026
1046
174
1043
1054
189
164
1015
1057
183
184
178
179
1078
1031
1024
1085
1077
117
103
127
1096
1022
119
156
116
113
1049
126
192
1037
187
109
1048
116
1087
1030
144
133
1020
134
150
1076
140
144
157
172
1076
1044
193
122
160
1038
121
1004
118
1025
121
1100
196
1010
1020
1019
200
185
165
1100
141
1013
1018
1067
1042
124
1005
127
1015
1036
182
129
1017
1083
1095
125
181
1069
1097
1098
1076
1013
103
1027
1051
176
1029
147
164
119
1064
1093
1006
1068
154
1028
184
193
126
112
125
1065
1014
1066
1083
1091
110
1032
1038
1028
187
181
1095
1090
106
136
1045
197
1062
1095
126
172
1089
117
1055
188
1035
185
170
1066
136
1085
1080
112
108
1059
1092
1060
1057
1069
173
1049
1098
1038
129
125
1041
158
1019
171
161
1001
1041
1079
1080
132
1012
1029
113
175
1063
141
1071
115
1024
199
105
115
119
148
1006
1027
1063
1056
1025
1044
144
1003
1014
1015
1025
1029
1064
1024
168
1029
1050
1081
171
187
1077
1069
1057
164
1051
123
172
1043
1076
163
177
1028
149
1061
1008
1097
1046
135
1040
1092
1023
102
142
119
105
1060
1008
101
1002
1060
123
1011
1001
1029
1079
159
156
116
1052
1063
167
143
1011
1029
1032
178
1017
196
165
162
126
106
156
1014
190
1090
1058
169
1030
121
116
171
180
1097
161
142
1073
1085
1075
1070
1087
137
197
1019
192
1006
1048
172
131
1087
1005
1093
1013
1064
1078
124
1037
1019
181
1086
1038
174
137
1075
146
1052
103
166
1066
1041
1021
127
159
147
162
1039
101
147
190
104
143
1039
146
1042
1055
1042
1019
147
115
157
110
143
144
144
126
148
1084
149
175
199
180
130
1018
126
1050
167
1068
1035
163
127
176
1051
1077
1088
1001
184
1044
196
1061
1072
1025
1016
1068
128
199
1065
1093
1017
144
156
1049
1029
111
168
1049
182
1038
1098
102
1011
152
121
1090
1051
1077
110
158
136
1037
103
1015
110
1002
1029
167
158
156
1010
166
131
1064
116
139
199
1028
1031
1073
124
114
1026
1073
105
128
1076
1046
175
1064
131
1094
1056
1078
1057
1067
104
1001
152
147
1039
1091
150
140
188
138
109
1049
124
1018
181
155
1076
198
177
169
1061
1050
1087
1092
1007
111
135
115
140
1056
152
140
1039
1034
1045
1044
1040
1095
140
116
1073
142
1042
1004
195
1059
112
1009
1094
1024
129
1062
181
143
1021
1088
1045
1015
133
146
1083
1011
200
1040
1053
144
1005
1065
197
167
1099
150
195
1061
156
1091
176
103
176
1051
1045
1003
162
175
113
145
168
1073
1074
152
158
1059
173
112
1015
194
1044
196
185
186
182
101
1010
1081
1029
148
1003
159
124
190
109
133
175
117
122
177
188
1012
161
153
114
1086
110
1039
1023
187
1083
180
1087
1043
1036
1064
1012
1061
1042
1079
115
118
1061
1100
1017
1056
121
1005
105
113
179
103
1034
1069
1042
176
1050
1057
1070
1053
1017
139
198
197
158
112
1047
190
1054
132
1077
1011
120
159
170
147
110
1062
1014
164
127
1097
1056
137
169
102
113
119
185
1071
141
1065
1027
1033
1025
1004
1094
1054
1085
167
1024
1074
189
129
113
117
1034
174
107
1028
1070
181
112
181
141
190
105
1042
173
1100
1064
1042
196
106
1014
1068
1045
1076
1099
159
1079
141
159
143
180
163
184
139
1032
1067
191
135
147
1075
1046
124
147
168
164
1074
1089
165
1085
1043
1073
192
149
186
101
1038
1025
187
1062
1005
152
1085
1068
1026
1095
1086
1062
131
1063
126
1043
165
109
106
199
1038
166
1100
1005
1015
161
1055
146
121
141
1003
1071
140
153
1050
156
1063
1072
198
117
1028
1045
1031
1025
1054
1035
115
1028
170
105
102
1050
1087
116
1003
1063
1009
159
189
198
101
1069
1016
193
1019
107
160
155
1069
1008
1078
1057
1016
129
134
1064
188
138
1013
1063
1085
1020
1046
1092
115
1080
101
107
130
1026
1026
1002
150
199
1067
160
1023
149
1045
177
116
107
1087
1024
1050
141
169
1074
1014
1081
128
118
1043
135
187
150
148
117
134
126
148
101
166
124
1018
1097
1089
1048
1002
141
1099
1065
160
1019
119
134
171
134
1074
109
1090
1055
199
164
108
130
112
1054
117
1079
146
129
1092
127
106
188
161
195
1071
1035
159
196
1093
185
198
191
170
1029
126
182
128
1080
1024
1084
102
126
118
1043
107
1038
1076
196
1003
180
199
1001
1014
1006
119
1033
1007
104
143
1056
169
1047
1060
142
1011
1067
1071
155
145
1096
1091
1084
1047
147
139
126
1074
1059
1025
1033
1099
1076
1085
196
1021
166
1004
1098
137
1060
133
1062
1067
119
131
118
116
1045
145
1089
102
1098
1034
167
116
1089
1086
1072
1059
1028
117
1029
108
1056
182
1019
1036
178
1085
1065
1022
177
1029
104
129
1096
166
111
1074
159
189
1014
159
115
1014
1020
154
154
128
184
186
1018
102
104
138
129
1073
1052
163
128
173
1073
1063
106
129
116
184
1044
1021
101
117
171
1014
1005
1072
143
177
1043
165
144
1089
1001
1073
1046
187
1090
165
1062
1083
1069
104
162
118
1060
1039
1032
1024
1042
1023
165
1016
153
1003
145
191
1095
1039
1086
1026
1069
1091
1046
130
156
137
151
1045
1037
168
1014
178
189
141
118
106
116
139
139
1001
152
1077
1099
1017
1036
1090
166
1039
196
104
1039
1058
151
1055
1022
1016
1062
1023
1056
1021
1080
1039
174
188
123
1044
195
1067
105
1001
1068
1084
1088
137
1004
1042
1047
1080
1069
1051
1035
128
1088
1006
196
133
172
167
165
176
1040
177
1076
1038
1005
1024
200
106
1016
157
1064
1057
115
1039
199
125
1007
126
1024
166
1050
1016
147
1020
1031
1011
1017
107
145
1080
106
1009
1022
1076
179
1037
1061
1003
1084
190
1070
1046
1002
1011
1035
1057
134
131
108
109
161
150
1064
194
193
149
116
106
132
187
1048
184
174
173
187
1046
178
183
188
1051
124
1083
191
1097
1002
108
166
142
1054
137
167
1007
110
148
123
141
1032
1024
1083
145
135
132
170
124
151
121
131
168
179
167
106
1049
1073
159
1075
182
1054
1005
150
1037
189
166
1038
1070
1051
192
152
173
190
1035
1056
1022
1078
1010
112
1067
101
1077
1048
1065
1033
1057
137
1009
1051
179
142
126
169
173
1021
200
132
125
141
150
126
168
133
1016
1022
1008
142
1021
188
182
1031
196
165
1036
108
158
1032
112
169
1056
1093
1048
1093
182
167
1052
1084
152
1028
1076
161
183
103
158
1096
186
1013
1028
1037
111
144
195
115
127
145
190
195
147
123
1025
1087
1091
111
142
118
1099
177
1049
108
1093
1004
1096
1030
1090
151
1059
146
162
1067
1066
1034
177
1058
183
178
112
1029
194
115
121
1061
1014
167
168
200
1041
166
158
1033
112
1096
143
1065
1023
144
1020
162
1072
128
197
127
165
105
1063
174
1076
1083
171
1052
186
1040
1022
1022
121
181
1059
109
1089
1093
1078
1041
191
188
160
1051
1084
194
1072
138
161
1090
1082
1072
140
1009
1016
121
122
1079
118
1060
107
1016
1092
153
1018
1066
135
118
1024
1056
122
180
167
1005
159
1082
1037
109
1062
114
183
1089
1052
195
157
189
106
1032
107
1025
110
162
113
1015
1006
115
133
106
1061
1069
110
1039
1062
156
1015
1025
167
116
1029
172
168
1067
135
102
114
1003
1040
1094
183
145
172
1013
160
119
118
163
1055
1036
1041
151
1098
132
163
127
1058
1082
120
1038
1021
155
180
1041
142
194
173
1070
1046
158
174
1018
197
1076
1084
183
1056
160
1096
101
1059
1040
1025
1066
1095
1055
1030
1006
1093
1033
164
168
1008
178
1057
1093
189
182
127
1022
176
1051
1076
1100
1060
180
1063
101
1047
1027
1085
1053
162
1001
1053
1086
1085
1008
182
132
200
1069
189
1069
153
1084
1045
1016
1084
1082
182
1099
154
1022
1043
157
1036
1053
1078
1071
1046
1035
1034
1096
161
1065
1079
1065
145
1070
147
116
1027
200
1100
196
130
1018
1029
136
104
197
112
187
188
1001
1083
177
136
195
1090
135
1067
1022
145
1060
195
1051
1094
1035
101
1036
116
1093
1050
108
1054
184
1020
165
122
174
194
198
1069
1022
182
1093
1028
164
110
185
1015
118
1077
152
114
1060
1099
1042
173
167
1045
173
1057
146
161
1050
126
1042
162
183
1024
165
1009
1026
1046
125
1005
179
1067
1010
150
178
1074
136
1097
130
1082
132
189
164
170
200
1075
125
1040
105
1053
1002
160
192
1016
1018
151
1073
1009
1057
188
112
184
1014
174
1039
1015
1080
163
189
1049
1046
140
1002
1039
109
1003
182
1080
1002
1033
148
1053
162
167
121
150
118
155
157
123
1027
1031
1068
1025
1034
1097
136
128
120
189
112
140
163
178
131
164
163
197
106
1055
144
1062
1043
163
1094
1049
198
1059
1067
1064
1022
103
102
1073
127
1068
150
1024
131
1100
103
1046
1019
106
145
142
190
171
1087
1097
1094
1001
1043
1023
1065
110
1010
147
1012
1063
1083
1026
112
109
166
161
190
1024
119
186
124
180
117
1061
154
1086
180
192
1018
1059
1032
1022
182
1031
1050
1066
184
1047
1029
106
1003
164
1075
1037
1047
168
1059
134
1020
176
1067
1028
157
1055
116
172
200
115
1072
1019
189
139
134
182
1079
139
1081
1064
1011
121
1037
184
1073
1074
171
1065
1008
154
1021
1052
1064
106
1036
1064
172
1086
1025
1025
1031
1071
1001
1037
120
170
1045
157
1019
1057
104
125
1092
1048
182
1007
1035
1018
156
123
1080
118
177
1046
138
152
180
1074
162
1092
1098
167
1047
193
1096
1010
1088
197
172
1075
1071
148
149
1084
1059
166
1032
1025
129
142
161
188
1029
1097
192
184
147
185
1017
123
102
152
114
138
1061
168
1073
1082
177
110
170
126
146
1078
1089
111
154
187
1051
113
1099
184
183
130
124
1037
169
1016
1098
173
108
159
165
1096
147
138
123
161
1004
1091
174
169
166
126
1014
1098
171
1086
1019
1054
183
1047
107
149
164
1021
1035
1080
186
1039
125
194
141
1020
131
1008
157
114
1009
111
1092
1090
1100
147
172
173
1019
116
123
156
137
160
1025
1085
1014
182
1082
185
1025
1060
1018
1047
1026
1064
153
1096
119
159
150
108
156
200
1060
122
152
1041
132
1083
150
1032
1029
1092
1075
110
1041
1034
154
158
1071
167
178
141
1042
134
1038
139
103
182
144
1089
1012
1041
176
125
1031
169
166
1081
185
179
1077
1058
194
152
1022
1078
119
1022
188
1002
184
1068
171
200
180
103
134
1033
1037
1036
1059
1055
1055
104
1053
155
1055
1021
1092
116
1057
112
141
1002
122
113
1020
156
1081
1017
1095
183
1050
1006
1096
1046
1018
148
1008
164
1086
1057
1083
155
150
1053
1053
144
1069
1076
1007
1021
1007
1006
1032
1072
121
1021
1066
1008
1024
164
196
1029
1022
109
185
1020
113
1093
172
184
170
103
160
154
192
176
181
112
116
111
1027
162
167
1084
1073
1044
138
162
1086
1029
118
119
1067
133
1032
1058
132
1086
146
1020
101
190
151
1081
1038
1038
1028
1009
150
1001
101
165
1071
187
1092
1091
134
1065
181
1003
1095
107
1077
1062
190
107
1030
1009
1041
101
110
1088
145
1038
1006
119
105
131
1094
1012
141
112
1076
1094
182
180
192
1054
114
1042
114
195
1014
144
1075
121
1078
181
133
1025
1074
1090
1016
200
1079
135
189
200
1087
1065
1083
156
1016
107
106
187
1083
1017
145
169
186
1011
194
1002
143
181
189
1033
1062
181
1062
179
152
123
163
120
1010
169
1012
1027
133
1002
1096
1047
159
1011
186
1091
142
1046
1043
103
142
1064
164
169
1029
139
1080
1004
194
1063
136
105
143
1062
1068
1096
154
163
116
1045
116
1053
1024
1075
157
1064
1099
158
1079
130
120
1010
141
1091
1075
1004
138
1012
1066
1032
1017
142
1076
149
102
159
1050
1005
102
179
1070
175
1067
183
1091
124
1035
1030
1033
1072
1079
134
103
119
119
133
189
194
141
1036
1047
1052
175
184
1070
1007
140
1085
164
153
1019
1057
1057
1064
167
123
1014
1010
198
145
116
137
1056
1058
129
124
1099
1087
157
1083
1031
1058
200
1093
118
1057
158
1008
1047
125
181
1066
1047
1036
1070
188
1058
1046
1018
1029
186
155
105
1020
1099
115
1059
174
1047
1070
130
104
155
167
128
1002
1030
1047
136
121
197
1037
140
1042
112
162
1089
162
180
186
1030
194
116
141
179
1039
1006
1030
186
1038
199
1068
1004
1043
111
1092
1069
1088
1071
1050
156
134
180
155
118
195
154
182
1065
1003
130
1096
1021
1037
128
136
155
125
1005
140
1089
1072
199
148
1087
169
1095
1044
121
1100
1046
132
188
176
102
131
173
1051
1036
1100
135
138
1073
133
1093
1016
132
1025
189
1045
176
145
122
188
118
185
109
108
1029
103
160
187
1039
1036
164
116
1080
1082
1087
166
167
199
1093
1015
116
1015
1061
157
1096
1007
126
151
1097
194
186
1030
111
142
166
175
1014
1049
107
174
177
1096
153
104
1039
159
1039
107
143
124
103
173
188
1004
198
1001
152
1077
132
1078
1035
1074
139
1030
129
184
1069
181
143
1083
118
1098
1033
1027
1027
1075
161
1017
167
1060
187
1034
149
1078
1016
108
146
1069
1024
1023
101
188
188
142
110
195
1085
1046
1090
1008
1027
1071
1095
1004
129
1068
195
1097
1018
1085
1082
105
184
173
1031
114
1003
136
179
1065
137
200
1052
173
192
1084
1095
1056
1077
122
1009
1075
1086
120
1015
159
187
107
1096
198
159
1080
178
141
1063
1047
118
1067
180
1044
1028
102
160
113
1065
151
1031
1059
145
1025
1060
1081
1072
189
1006
158
180
1014
1078
152
139
1089
102
1049
161
1055
1072
1031
129
1073
1075
1034
146
1036
1006
1067
194
1071
153
1042
1016
1021
1094
198
157
1091
133
110
195
1068
1082
1036
1026
153
103
114
1047
1003
1026
1008
189
1060
161
169
1012
1065
121
192
173
189
162
1016
153
175
126
181
1082
148
173
1056
1001
1084
1020
119
1030
1070
1016
1051
1072
151
1049
142
1041
1071
1017
180
126
111
1003
1029
169
113
122
163
1061
111
169
1029
1037
1049
1002
1038
102
1097
1039
1033
140
200
1083
1012
1074
1043
1068
133
145
1092
1085
197
1077
1075
1097
1088
157
1040
1049
1091
135
1047
1066
1038
120
148
1078
1003
1091
1011
111
119
119
1026
1027
172
196
193
1011
103
1037
168
1024
145
178
155
192
152
1025
116
176
188
1062
1024
1044
1064
1011
1009
138
154
1029
1063
1018
127
1090
115
153
1049
125
123
168
164
1100
150
190
163
1031
1044
1005
1041
104
141
166
1024
1014
159
145
184
1049
1097
158
1083
176
1098
1027
1078
164
174
134
116
1052
161
108
1019
1032
1018
123
166
1040
181
1028
1053
192
1071
1029
1032
198
172
1059
1026
106
1045
137
1007
1043
1057
162
188
1088
104
176
1053
193
186
1009
1092
1016
1087
148
1012
157
183
1003
1019
1092
1013
1025
104
117
169
149
1079
1036
1092
1077
176
1036
160
170
116
1090
152
188
1013
1061
171
1075
1022
1017
1009
1022
1041
1045
1038
1037
1035
1055
186
1080
114
126
140
126
1013
113
187
1003
172
158
197
119
1061
1001
113
176
1016
140
181
1096
1030
1023
1072
1040
102
1024
1009
123
1060
117
1038
1013
1045
1026
146
193
165
124
1027
1038
1010
1082
110
119
1039
113
166
1023
1064
1033
181
1008
1089
1070
1035
1091
185
1053
130
150
1074
1012
1090
1073
1013
1026
1047
1008
1071
191
155
120
1061
176
122
1093
1063
1060
136
1083
159
150
1039
1002
1043
179
1064
1065
133
1026
1050
130
125
157
1036
104
136
158
1066
154
152
145
114
161
163
1052
194
1044
192
195
197
144
1025
1055
132
1051
186
1044
129
1028
153
1051
1077
1018
178
1065
193
1022
187
135
1058
139
1064
176
194
155
1049
159
1036
150
143
107
1098
106
118
1095
1006
178
1030
1043
140
115
120
1001
1082
193
1071
185
1081
1020
142
1032
122
107
163
119
190
1070
1080
184
1082
1056
175
166
1016
1035
1010
1087
121
131
178
122
1077
195
131
1070
1100
1034
171
132
180
133
125
152
111
1002
130
137
1048
1088
1081
1088
1025
1021
172
1021
1092
1095
1004
1081
1031
1088
1093
123
1070
197
1035
165
119
171
165
161
1004
1079
1035
1052
157
185
168
1003
121
1041
155
1045
151
1073
134
1023
150
1072
180
152
103
104
200
1033
1096
1006
192
1011
1003
1054
1022
118
106
141
1041
1062
169
101
109
1017
153
141
1072
1061
1021
122
1059
166
1009
1072
185
1050
1071
137
1094
196
199
1033
102
1010
1051
1062
137
155
1065
166
1087
1064
178
151
199
177
1049
130
1055
1089
1031
1003
157
1024
1009
1055
1076
188
158
165
1010
198
153
153
1053
1095
1021
200
133
1063
1096
1041
1047
1072
157
1077
159
198
1029
1003
1073
157
1020
1004
1067
111
1005
125
1057
134
1081
113
180
132
104
1010
194
145
120
109
169
180
151
1052
137
173
1086
162
1092
1019
160
1096
131
121
1041
154
1048
1021
111
1085
132
190
181
1029
1012
120
1049
1082
175
1066
1068
116
176
152
1057
155
1026
1076
1080
106
103
110
191
1084
102
179
144
1030
1029
1072
1091
180
1032
132
106
1040
174
116
125
1026
154
1073
1059
1037
141
1062
1045
1013
147
1066
101
177
187
1069
1041
1021
191
1012
197
1080
1089
152
1044
1057
1023
119
1054
156
130
124
114
1006
1018
1097
1035
1098
190
1069
1063
1046
1079
1036
112
1084
175
1064
157
137
1038
121
1010
158
1032
123
166
145
1094
184
1034
161
1035
1067
1065
179
1046
118
1069
101
180
1039
1055
1063
171
160
156
105
1008
1004
187
139
109
195
104
124
101
138
127
1076
192
101
150
1062
195
110
1097
1076
1016
1099
115
1019
1069
1017
183
1065
153
1052
1055
1091
150
1052
1043
1044
1093
190
1011
124
1015
128
1015
137
1003
1099
151
1062
1033
191
156
152
111
189
102
142
139
1069
183
166
172
1050
1051
165
163
1015
190
103
126
171
132
197
176
117
1089
117
1012
1061
1079
1084
183
1074
107
1035
114
134
1026
156
157
1079
163
153
158
111
1018
1099
171
1070
146
1066
1024
186
101
129
190
167
191
1085
1045
1019
1010
1045
163
1052
1079
160
112
1063
108
174
101
139
1006
1050
116
1039
113
189
1012
190
1009
173
105
1029
1077
199
1076
182
1094
1011
169
1075
200
1037
1061
1086
108
116
1058
107
1067
120
125
1090
1063
1072
137
139
157
134
149
166
1065
1046
1071
146
161
1043
171
1065
1045
1086
193
117
1061
145
164
1056
102
133
188
181
137
1076
1078
101
1092
114
1020
117
132
1038
169
147
189
1096
1057
1099
1093
1040
153
1027
1021
1012
1007
154
1022
1041
126
141
1058
120
1099
1058
1039
198
1005
1091
1007
145
1071
158
111
158
1025
1068
1089
1010
132
1083
1024
1064
1053
112
133
1040
1088
1072
1017
1040
1006
195
104
138
1030
1001
194
1047
1091
199
182
161
1064
1057
1075
127
158
194
1011
1030
140
112
1016
1042
183
1059
144
166
167
188
155
1020
122
1094
1041
122
1076
1032
105
1037
194
135
148
1044
175
1068
1006
1055
107
1013
159
156
116
1068
1021
109
136
197
1029
183
129
160
177
181
187
148
1066
1034
153
141
1012
169
102
1070
181
173
1053
1092
148
143
129
160
119
174
110
187
195
1087
185
1051
1042
1097
154
1010
168
1097
124
154
1090
130
174
1056
1041
149
134
181
1060
147
1024
1067
171
192
1069
1075
1056
154
163
195
191
1084
1093
165
1001
1001
166
1030
176
152
1009
105
1069
1037
1065
173
189
1025
134
1047
1004
155
1053
1059
1003
137
1072
1059
1005
1081
1051
176
108
125
1099
1055
186
1022
1070
196
1080
1100
158
1054
178
140
1073
128
118
1034
1012
1080
1064
162
1019
174
1017
161
1080
156
1079
1064
160
156
1020
119
1015
105
192
1025
104
175
181
142
1081
1044
1034
1099
191
1077
1069
1100
166
181
1064
1073
1010
173
1068
125
1064
1062
1090
124
133
157
1072
1018
191
153
152
1023
119
151
1047
1051
1067
1053
1025
1093
178
1100
1097
1090
171
103
1014
182
163
1044
186
186
1074
1077
134
112
1085
143
1045
1076
1069
1072
1046
1004
1004
121
102
1091
1012
1045
1022
171
1011
1055
1069
163
1049
1023
196
1089
1068
1076
1051
152
114
1061
1058
108
104
115
125
151
163
1040
1009
1090
1045
1050
112
1095
120
1085
1021
1055
1045
119
119
160
140
1024
1022
1090
1079
153
1095
185
159
191
1067
1011
107
1004
1087
1082
1034
151
151
1088
199
180
1030
1085
1044
175
1034
190
1028
148
102
1047
1032
1078
128
1090
1083
134
1032
1042
1091
1062
1025
167
1002
170
1022
138
165
131
174
185
1012
1027
1051
138
117
1021
110
191
183
1071
1004
1050
125
164
1029
1066
155
121
133
1001
141
1030
130
137
105
1066
1006
1089
173
185
1072
1033
1080
1007
169
193
1026
170
144
173
1064
166
167
184
168
144
1067
1043
117
1099
1016
172
184
137
1014
1093
185
193
130
1088
1062
1033
111
1042
116
140
192
166
1013
1020
1007
1083
1006
1004
182
176
1044
200
1097
1049
1076
1041
197
105
1086
136
1092
127
160
181
1088
1064
1097
1095
1100
1031
1022
1042
188
1069
101
156
1034
1083
161
1030
1016
1084
1081
130
118
144
171
150
1067
1066
1015
1096
1026
1100
1042
120
1023
1049
1062
139
1012
168
1093
200
146
1007
1065
198
158
136
1013
184
1025
160
1015
111
163
1085
1010
1068
149
1052
172
1064
1022
158
1084
1063
180
123
198
1085
1007
137
190
1058
127
1004
1097
193
106
1046
1063
189
1075
139
1030
1075
1088
1094
193
114
107
1076
179
117
106
169
114
161
166
156
1036
177
166
180
175
1043
1031
1041
1056
1048
1050
1050
194
123
1069
1048
1078
123
1094
1038
1045
181
1100
1069
146
1016
126
121
172
176
196
1013
177
1035
1013
133
189
1080
110
116
1015
120
1047
145
1071
1013
174
135
1026
150
173
184
1076
1036
1065
1077
1088
1054
1095
1018
1021
121
158
1002
1054
1097
1088
149
1084
108
1082
129
1095
127
1001
1011
1012
1002
105
1071
104
154
181
1095
1076
128
1091
174
191
101
1011
1059
1069
1014
1013
145
132
1048
1094
110
108
142
197
1002
1031
109
156
115
180
1082
1028
185
1095
153
151
180
1075
180
198
136
1040
1066
1019
131
132
1044
136
1087
1048
1079
1086
1058
193
1023
129
134
136
1006
135
1013
1024
147
172
164
1064
1093
1047
1031
1067
1047
167
196
154
1010
1005
181
197
1007
1081
1039
151
1026
1058
1095
1077
142
1083
1068
173
1009
174
157
114
1004
192
148
1033
138
1059
163
135
1006
129
103
133
152
189
1021
140
175
1022
1046
195
108
1087
1064
186
145
163
1068
172
165
104
1032
1089
1049
137
1079
1027
166
126
150
108
1011
150
1085
1087
191
1053
127
123
1082
1085
1047
1031
1072
1100
198
115
1045
126
161
113
147
1057
155
1014
174
1053
1039
1059
1022
1098
155
1024
1062
1011
1046
128
192
1050
115
1082
1060
125
164
1056
180
1091
1048
1001
1044
126
199
177
111
168
195
195
108
1007
124
1064
193
175
139
163
1005
146
1014
1093
1042
143
1039
1013
187
1055
1031
105
126
1006
1009
1045
1093
155
1020
146
1024
1063
110
1014
1038
1013
185
141
197
1005
178
1015
1073
173
106
1085
1047
1062
1077
1005
1057
1010
128
1046
141
1042
1028
125
173
177
183
1097
149
194
1079
1046
187
1085
1081
168
1020
103
1066
163
192
124
1080
1042
1099
199
131
155
1035
1022
1009
187
199
122
118
176
1070
172
1071
1004
1025
1085
109
173
1010
162
135
191
1010
1005
1029
1006
1052
1073
115
156
1066
131
138
1042
1055
1024
103
192
110
117
1092
1006
175
1076
162
1002
192
180
199
162
1031
1091
1052
119
1091
1021
188
127
1017
1088
1100
122
129
154
144
175
112
1085
1038
115
1046
1033
1069
1048
1081
150
1004
1053
1028
166
1081
1010
111
172
1060
105
1065
167
1088
1039
1072
1078
1050
1080
1018
195
154
1053
1024
1048
114
1008
1041
149
1061
179
1007
1099
139
1069
145
177
1035
174
142
1089
1043
1097
139
1091
135
184
183
1087
1021
158
1018
101
1043
169
166
1090
165
152
1046
1028
175
119
1017
137
187
106
135
173
111
107
136
1072
1005
183
134
1035
103
188
1065
1073
168
139
163
183
107
125
174
159
1096
1007
197
1085
150
1086
1002
1035
1031
1021
1090
174
1084
1052
1005
1089
105
179
195
172
1016
1038
1018
179
197
191
177
1083
173
142
1012
1013
1071
1046
1031
1065
1054
175
152
1061
198
189
170
1098
142
1064
1007
118
1050
1027
1038
1093
180
1068
1100
1097
101
153
176
1012
181
1025
1071
128
115
1087
1008
1079
1082
1086
136
1061
1030
1025
1086
196
1011
1060
1045
121
116
1071
1024
107
1022
138
104
1053
148
1010
1047
1002
1099
102
1047
1035
168
180
163
1046
1061
1087
197
1037
110
180
1006
183
1088
190
1071
1004
1018
184
126
152
1009
1005
1040
1090
160
114
1037
115
187
193
1012
186
1024
1001
1055
186
166
131
176
138
156
107
140
175
159
136
1030
1044
1042
1046
1029
198
1024
1073
124
1001
1042
1038
142
1024
107
138
1003
181
1018
1070
161
122
1052
105
187
101
1099
1008
175
116
1031
138
168
1098
1035
1071
1078
1077
148
154
163
1053
1005
117
149
1074
1051
1062
190
161
1051
1081
115
174
148
166
188
1070
1056
1097
185
1012
175
199
1060
1048
1066
1092
125
170
1027
1047
193
119
1086
130
176
142
1008
1028
1043
182
180
158
1030
1013
1053
1004
173
1075
1039
1038
1024
145
1031
1089
176
1065
1099
108
112
1045
1053
1031
141
1082
1005
1017
151
129
1097
1099
1068
1042
166
1015
1027
189
150
1067
132
177
126
107
1082
163
1092
116
104
1005
1078
109
106
146
170
112
1073
1037
113
1012
199
1090
1076
193
178
1100
1094
1033
153
1002
198
1034
136
124
1078
187
101
172
179
144
1013
1011
1065
162
194
118
1070
134
144
123
138
137
152
182
1012
188
1088
150
1052
1053
1033
1099
1080
140
146
179
102
101
117
193
1003
145
168
155
130
196
199
164
141
1027
154
1077
184
105
157
1023
1051
1021
105
1054
1063
149
1097
1059
1084
1092
109
156
144
170
1085
163
1092
1028
1089
145
1055
108
152
190
131
1084
171
126
143
1026
157
1083
1100
114
181
158
1065
1100
1092
159
1084
1046
183
119
149
1072
171
149
175
187
1063
1046
182
1060
167
179
106
162
1024
140
184
1021
125
173
1034
133
175
1004
184
1096
1076
1021
157
168
1084
1080
1059
1072
1020
1063
143
1043
1060
1067
191
151
128
1013
158
118
119
1016
106
160
116
183
188
181
1018
165
1029
1042
1005
190
131
1050
1038
1075
174
1001
158
1044
1062
1040
1002
1087
143
1046
1004
106
180
189
180
1081
1010
1076
1099
1058
1025
184
1068
1083
1077
132
149
190
1076
1011
129
1030
129
1033
165
1077
1006
122
1072
1028
1090
143
174
1075
1088
1091
1033
1089
1036
1041
196
1061
181
182
1033
1053
157
1044
1095
1074
1082
147
1023
1066
166
1032
1008
1089
1047
124
1036
1055
182
1044
141
116
176
180
138
1033
151
1060
185
1008
165
137
1016
1036
133
1040
1002
200
1095
140
1097
197
1005
146
128
1002
165
1014
1015
156
1062
178
141
200
196
110
1093
121
1095
1078
1021
123
146
1029
1036
1075
1006
127
149
1038
1090
1048
138
1039
103
1094
167
129
1057
160
1073
188
1034
145
161
1049
112
131
1025
1050
1025
156
1005
1097
1044
125
112
150
1082
1026
141
112
1098
136
161
161
1058
122
176
155
169
125
193
1008
129
1029
1017
1058
1100
139
130
1058
192
1091
128
119
124
103
1065
1035
130
180
1070
1051
142
127
157
161
130
194
1066
196
128
1067
1082
147
177
162
1027
1021
1010
183
1025
1032
179
1007
194
147
124
197
1081
198
119
141
1058
148
1046
1035
180
153
148
1090
194
1016
1032
111
1022
165
116
175
194
193
1060
155
180
159
1079
175
1067
172
1098
1026
190
151
1098
127
159
197
1009
1098
1093
1077
126
1067
1097
111
144
1012
1071
1066
162
1036
1070
124
148
1054
139
128
1041
175
120
184
147
1100
1058
122
171
179
110
1087
1017
1020
200
171
1082
1076
1021
1030
1077
1026
1061
1083
135
1001
1091
173
1025
1014
1055
1037
116
198
1029
161
1052
158
197
1022
1077
149
114
116
1083
1090
112
1025
1076
1019
1009
1092
1099
116
1011
154
1079
1039
1014
1065
161
172
149
124
197
1003
138
147
1057
1096
162
1086
1099
1008
1056
119
200
1080
127
148
1078
1006
1052
170
1080
1072
1065
1078
136
143
197
130
107
1048
1017
118
189
131
1002
134
1022
1089
133
193
1015
173
1005
1059
192
153
1051
190
1035
1061
1002
142
159
1043
1050
137
144
172
177
1020
130
1020
153
1098
1002
194
173
122
125
1007
114
1023
157
1064
179
1017
1031
175
1015
1078
1002
112
1022
1016
181
163
169
1056
181
1085
199
1067
1083
1009
1061
1097
1054
1007
111
188
1030
1008
1005
1020
176
1050
1071
1073
137
180
1041
174
1073
1079
1087
128
198
142
1019
1052
126
133
148
151
178
1057
123
159
1004
1079
1002
163
1057
138
1069
1091
137
125
1044
199
111
101
170
1042
176
1089
194
1079
1009
179
1080
1063
186
111
176
138
105
169
191
106
1095
116
1077
167
131
1069
1013
169
117
1100
197
153
1004
1032
109
122
1031
114
1027
163
194
1036
1056
1018
131
116
107
1017
170
133
160
154
1051
1021
1011
116
1016
169
196
165
139
1059
107
126
136
1068
1065
106
187
1056
1002
1001
1024
122
160
147
158
1046
1062
1057
171
1029
1052
169
149
168
1015
1007
1094
142
174
176
186
196
101
131
1100
1026
154
1087
123
1088
1043
1086
116
163
191
105
107
152
125
1054
189
1026
129
1014
1065
1075
151
129
130
1034
1099
1019
1089
1082
1038
179
189
162
1027
1086
1031
191
168
152
185
127
197
1061
1018
170
1096
1026
1026
1037
131
175
123
1039
1089
104
1014
160
132
176
1041
130
109
125
1084
1100
1100
1007
177
191
138
1010
1041
142
120
151
147
1038
1014
1057
1029
151
116
196
115
193
1086
1002
154
1007
106
193
166
1073
1040
1039
1094
165
144
1073
1084
1053
1010
1045
168
130
1074
1080
193
126
1038
151
132
193
1047
161
197
185
1099
1010
171
122
1053
1002
127
1043
1077
110
147
1031
126
1029
167
1026
160
163
1021
180
1014
160
120
198
167
141
133
1033
1036
1054
1075
113
1082
1068
1086
194
1022
176
186
128
1070
184
1039
1083
154
1036
119
1089
162
173
1039
151
172
1021
1065
1061
123
1012
1037
132
1026
1028
198
171
1098
1089
1001
189
1016
118
1043
1081
1083
1054
1097
197
193
105
129
149
190
1002
1058
131
1067
187
1073
187
1056
1067
1028
1076
1043
175
1066
1060
1091
1001
1073
1015
158
1067
160
111
182
1099
137
122
171
168
193
179
184
168
166
1092
175
1007
1071
1071
172
1075
1007
180
1077
1056
138
1012
1046
1007
1096
1096
110
148
152
145
171
181
1024
168
114
173
1018
103
189
1097
1100
1009
1018
1007
179
181
193
151
1002
149
178
1040
1014
1017
1015
1089
120
1082
198
106
1033
1035
133
115
1091
1021
1008
1050
198
1040
119
1064
164
1019
140
1065
1089
144
149
172
1014
120
171
133
113
180
1083
1094
1080
1077
1038
1033
1014
115
1035
110
191
190
1024
158
1014
1003
1005
172
1100
1065
1062
159
193
1023
113
185
168
183
1059
1020
104
171
136
1079
1048
1098
193
112
197
124
128
1063
1056
128
132
107
111
139
1060
1016
1082
167
136
1070
1005
1024
1028
1047
132
156
145
196
1058
1037
1082
1016
107
1083
1100
1060
1059
1019
179
145
1071
1053
1048
143
165
171
130
116
1026
195
143
178
121
191
162
115
1001
1028
1074
128
157
173
117
151
135
1007
173
187
162
1063
1091
1012
1050
1062
1097
113
1041
1076
1038
1031
1054
161
1022
159
1036
1069
1078
1084
166
107
1010
1029
1058
109
139
115
1038
1035
130
180
1003
179
1056
1057
1015
1043
1031
1086
1065
166
1090
1072
114
105
110
1007
1052
171
124
124
166
144
164
1042
152
183
151
1095
1063
146
1040
1009
1022
200
140
171
178
1056
1074
1018
132
1054
1084
142
161
1026
1029
1035
1067
118
1086
1026
129
193
1038
150
195
1075
1100
1055
186
114
180
125
1043
197
1029
118
1028
127
122
1058
176
129
188
1026
180
1086
199
1009
140
172
1068
1095
1094
1097
1086
1003
1060
164
1068
1088
110
190
1004
1045
1019
170
1072
149
1009
154
1077
180
160
180
1040
1030
118
1097
135
1039
1055
113
139
1085
1083
154
1007
191
181
150
1099
119
1017
171
1011
1042
1039
105
1071
1014
1027
1032
185
113
151
1048
1021
1065
1068
1079
130
196
124
1082
1011
180
1076
1045
137
1012
177
1072
110
119
199
117
1028
1080
1003
158
114
1022
170
1051
196
1037
196
186
1092
141
1045
109
1060
1055
1098
1091
194
135
1075
164
1063
168
180
1021
116
114
1018
156
182
101
126
1086
120
101
137
1036
1091
125
1087
136
126
1040
116
152
200
1100
1045
153
157
1032
1073
1028
1049
102
156
1030
1014
126
110
199
1044
113
1006
1006
103
112
1024
1083
1065
1008
1034
170
180
122
1044
1079
1094
1073
174
151
1007
158
1098
138
143
1078
1069
189
163
160
1001
152
1035
1073
1057
180
1089
195
177
170
161
1048
1033
1052
102
1042
1058
1021
1073
1099
1078
1018
168
115
178
145
173
182
165
131
1012
1059
198
1025
200
101
1099
167
1098
120
183
120
1026
162
124
117
137
130
1072
1002
102
174
145
192
1063
164
1027
176
151
178
1095
171
1045
1052
184
1085
1062
134
1011
1079
1063
1026
158
1080
172
200
171
127
121
112
188
151
171
1072
1023
1027
1086
1097
1086
132
1045
113
178
1026
176
104
130
1072
1059
1010
171
187
1056
157
109
126
1080
1010
1083
1024
175
144
163
1076
169
1097
118
121
1008
1083
1066
141
194
1069
151
1068
1006
1058
105
1093
1093
141
119
1059
1080
185
1063
111
1039
172
131
104
1083
165
196
1031
1020
190
196
1013
1079
200
1057
1065
1091
161
124
1063
1011
1071
1021
1052
1011
1055
1086
191
156
1100
180
142
1086
176
101
1023
1057
1030
1013
1060
173
1075
1071
1052
162
172
179
1013
140
177
102
1054
133
1020
192
1066
174
1013
155
143
119
160
1081
1064
1011
125
1045
167
109
110
134
175
1036
1078
1032
1013
184
1054
190
1012
172
1050
178
134
108
1010
152
199
186
163
139
158
1089
171
125
1055
164
1025
198
1024
156
1080
1015
1093
158
1055
1019
161
1032
1011
1063
1028
1072
150
1064
142
169
165
193
156
108
1038
1013
1056
1042
165
1080
1007
155
1040
1060
113
178
1039
130
104
136
130
131
1059
163
1070
172
104
186
1045
1012
1013
194
168
1025
1041
126
1016
143
1008
168
196
194
1017
120
1083
1023
1062
1029
199
1030
1040
1093
1052
1081
161
1093
1025
1072
187
145
122
1026
1030
179
170
160
1012
1020
1040
1064
1061
195
1014
121
1053
1075
156
1025
1088
128
1063
178
131
132
134
195
1073
1009
1059
1080
167
1033
117
179
115
190
140
187
170
183
1063
169
163
141
1048
1015
1074
187
146
148
162
1018
1086
1056
1098
168
174
165
145
153
192
1066
1006
1074
117
155
178
1074
196
155
1065
1058
1064
187
110
183
1007
1022
169
1087
1079
148
108
122
172
1056
200
182
135
116
1097
1033
111
1063
1022
166
166
1010
141
191
1056
177
154
1067
1012
162
1100
153
123
157
196
180
136
1076
162
103
106
149
1018
196
1070
105
101
136
106
120
1071
172
1073
1018
101
128
190
1069
1075
1047
135
1022
196
1014
164
167
153
1076
143
1001
1068
1001
1060
135
1073
1068
150
160
1038
178
189
1081
1050
1084
1003
193
1062
200
1081
139
159
1004
145
174
1079
178
1020
140
1052
1097
1023
164
154
1017
123
183
1001
1002
1049
156
1100
188
1100
197
118
1072
120
186
1055
1063
149
1046
121
131
164
1050
152
1077
1016
1034
1018
137
1049
1071
141
196
127
1033
103
1006
184
1094
1024
197
134
1050
147
1053
174
1023
1062
164
174
191
193
1048
1047
102
1027
1002
194
1039
103
1012
105
169
125
1088
1012
129
1098
132
185
1082
1028
1071
1039
130
1026
1003
1036
1087
1015
172
113
1051
164
114
187
185
127
195
1043
144
102
148
1066
114
1095
1093
155
153
1036
170
199
142
157
1081
1040
116
1056
111
1062
179
1045
195
1083
158
1015
1024
135
139
198
1071
140
1001
1013
1030
177
1056
161
1011
197
1014
1050
1076
1087
1010
1013
1094
1061
1025
1078
1032
1042
140
1056
195
1091
1086
101
1004
107
1003
128
1022
1026
1085
1015
1065
1023
180
152
1073
133
1053
169
1086
189
114
1086
166
179
185
1082
191
130
1038
191
1037
1087
1038
180
1053
1051
115
1067
1040
1097
105
105
1063
1003
191
126
1082
1098
1078
123
1036
134
1050
1067
1046
186
1036
1020
165
175
1053
113
1094
1088
1078
126
1043
1066
175
153
191
1071
159
114
1011
1017
109
132
126
192
198
198
160
1066
1012
161
1007
1098
1058
179
110
200
174
1054
119
157
139
191
1026
120
1056
1097
1012
121
152
191
1033
127
111
1013
1041
1075
1047
136
121
180
1096
1049
148
1099
1100
1067
1024
169
191
190
1085
137
160
1094
135
1077
1042
1050
121
108
1071
188
1065
169
145
1019
1055
1015
1009
112
198
105
1050
152
101
113
190
1098
1088
122
1008
1088
1035
128
122
1060
1049
183
1081
1064
1047
1006
181
123
145
1065
174
1061
1045
176
1021
1034
103
106
1089
1007
1085
126
131
140
188
1025
164
158
126
118
1059
1091
1062
191
178
165
191
1008
1100
145
166
1033
1070
1054
143
1012
1079
188
195
195
198
1089
1085
184
1057
192
1050
116
1030
143
102
1083
120
178
1042
1083
1013
186
178
1091
1048
127
161
1064
1097
1012
1063
1033
1095
129
1080
170
1080
1079
1019
103
174
1074
1100
1006
107
1033
1010
121
134
170
1053
1098
126
1072
1047
119
112
1007
1009
1052
1051
1015
1030
149
146
1094
1011
109
1066
180
1006
183
1064
113
121
132
1081
159
171
1055
1031
1020
1038
1065
1080
1062
108
101
1083
176
151
134
1072
144
198
1052
148
189
153
1099
1095
179
1039
156
169
127
123
200
171
123
194
147
170
1077
143
1012
1092
1063
1055
1085
159
152
183
1048
140
1082
190
1069
1037
1099
145
122
1050
149
169
120
147
130
177
113
1010
1003
165
1046
1013
1058
1039
197
169
1056
1021
1064
1047
1025
198
102
133
1091
128
1030
1047
105
1021
127
1041
183
182
152
1005
1047
1042
1055
1067
199
174
160
174
1019
1083
101
1005
1029
1007
1053
1065
1051
1018
1008
1040
189
1014
111
121
1093
139
1007
1017
160
145
140
111
187
1055
1066
1037
1069
199
1058
1065
148
1012
153
1035
1044
135
1100
150
1094
184
183
1070
1038
1011
1040
1063
1082
1065
104
150
128
1010
174
1095
1056
159
178
1053
163
191
1041
130
1098
1023
1094
158
170
196
149
1098
1036
1083
1081
166
161
127
1004
130
102
1030
1035
118
114
1017
163
161
106
1052
1022
1094
1031
1004
1019
1077
1055
177
1008
122
163
121
137
167
194
151
181
1064
104
1087
101
136
1051
167
111
200
1016
152
1030
134
1042
117
177
160
141
1059
199
1018
1094
178
109
135
1031
1039
141
1001
101
172
1025
1079
119
1082
1016
118
135
1037
1077
148
106
135
143
1094
1075
121
1034
162
135
121
187
1086
1025
1032
178
136
101
1032
1015
179
133
1085
1058
166
195
1033
1004
148
1079
144
1044
189
1083
129
120
1012
187
156
108
1041
1057
1002
1004
1023
1032
1044
191
1057
1020
1047
125
115
131
1035
1026
138
1056
1008
1035
153
104
1052
1018
1066
1011
158
133
183
1077
129
196
1067
1096
1008
142
1043
143
162
130
126
160
1083
154
1046
111
1038
165
148
1001
120
164
1046
135
1046
1056
104
172
180
1069
1086
1008
1084
132
200
1051
133
189
159
1083
111
1078
1100
144
1051
1095
1064
1069
1023
1052
1062
174
183
1023
103
113
1032
188
195
1019
1081
120
1072
1064
1092
1040
1038
193
1057
1010
1023
198
129
1019
1082
1040
1035
1007
1050
1093
167
1096
1025
103
1020
118
1075
1056
182
136
1040
146
1043
1009
1057
185
117
1081
1025
1051
1083
120
107
122
189
1064
1046
132
157
190
1078
121
109
186
1026
154
199
1029
1012
1073
121
1095
1027
1039
1032
1003
108
1083
1056
107
1099
185
117
132
1086
1089
1026
167
1035
168
147
1071
198
102
186
1065
170
1017
183
128
1020
1031
1090
1035
1090
1045
159
163
1094
1046
1028
1063
1016
1026
1063
140
1070
1034
192
1044
115
122
125
102
167
1080
121
167
1036
1050
164
1064
157
1063
1005
165
1100
194
153
1081
134
188
112
127
1085
1015
112
1037
1030
186
135
109
1072
1033
1088
173
1001
151
1088
1032
1052
1051
197
110
151
1076
1041
1027
158
128
1006
124
186
1042
189
1037
1053
1059
1040
1064
1046
1001
1041
1042
168
137
136
188
134
1052
179
1078
1009
1076
1071
183
1083
161
1015
135
174
1029
1017
137
1076
1071
1055
1021
1063
1027
1049
1076
1044
1072
1052
157
1064
130
139
166
186
170
1084
1049
1034
128
130
1016
187
188
115
1070
145
137
1059
182
1066
140
1020
138
1052
1080
1047
137
1068
1079
192
1024
126
192
1032
121
1074
197
1097
124
179
1006
1057
124
116
1065
1052
195
118
134
1050
132
139
172
102
183
1005
1025
1082
127
193
1020
150
122
1027
1100
153
1032
173
109
1086
145
1056
1043
1028
1054
132
105
1094
1050
1056
1031
1077
1047
1074
147
161
1085
168
107
1002
1095
169
1039
118
1069
138
119
200
1093
198
179
1072
1054
130
1010
156
115
1038
159
1033
105
1050
170
121
183
176
152
1053
179
197
125
1041
133
1053
144
1039
1100
1093
1057
171
163
1080
1039
1073
141
155
1079
120
133
1058
119
108
130
1021
200
1092
116
166
183
129
1035
1091
1085
135
139
1061
1076
1089
1064
120
1004
1062
171
1022
1090
1012
1037
101
1012
1068
196
1004
1076
1024
1007
188
1037
122
1070
1053
197
1011
101
1098
155
1022
158
1047
187
1005
118
1009
131
113
199
107
154
1093
134
149
1034
1047
172
140
1082
185
190
157
136
158
110
125
178
197
166
1031
145
123
1041
182
1061
1016
1064
195
1049
187
163
155
107
137
1087
167
128
1038
1042
1081
1015
1091
1005
162
1022
1085
1029
175
1093
107
177
106
147
171
1048
192
143
1086
161
1023
1088
1069
175
140
1003
185
161
1034
1047
191
197
1082
157
1089
198
163
1005
176
109
135
181
1002
159
1036
174
1012
169
185
1099
1044
115
175
101
112
1036
198
119
1043
194
190
1021
184
108
1006
1055
1080
1007
1017
1058
1054
1100
1081
1082
1029
1065
191
1091
1018
1050
197
1044
103
184
115
172
131
1087
121
137
193
158
1026
186
1067
1005
1002
1067
131
1022
1070
1006
109
197
200
145
144
1011
160
1053
1095
137
1070
1018
1014
143
173
1022
1057
1097
1085
194
192
134
1027
1024
1088
129
1100
1035
1015
1035
145
197
187
1078
123
1063
170
154
1089
1059
132
1008
123
1008
189
1033
1100
129
1066
1001
151
122
1067
148
188
1069
123
1036
1054
158
1077
184
104
103
1006
152
111
135
192
161
114
164
154
185
1032
1059
1018
1039
157
103
133
151
132
1083
156
147
179
170
120
1029
103
177
1013
151
1051
129
1047
1058
183
157
1051
110
1052
1010
1040
183
136
153
1066
1092
1098
1078
144
1099
114
1053
103
1031
1045
1001
183
179
1024
147
104
1077
162
185
149
101
109
179
1025
175
147
163
1071
1096
200
166
1090
140
198
110
165
1098
146
1066
198
120
123
167
1029
104
1013
1019
135
175
200
1027
1010
1046
1090
1090
1051
151
145
1054
1037
183
1089
116
1034
106
1014
1099
123
1071
198
1087
139
102
1057
1061
147
159
1038
1045
1037
183
1097
151
110
197
123
109
1093
1026
117
1005
104
1040
178
124
122
160
1025
167
186
1084
1072
1037
1075
146
168
1088
188
1052
1092
1044
1032
1049
1056
158
1016
136
1083
186
1065
1050
1062
159
1068
1002
1030
195
1020
182
162
135
175
1005
1049
114
120
118
1013
136
194
1037
170
192
110
184
1060
116
109
106
1097
1061
172
148
191
1039
121
1100
166
1087
154
139
1054
1086
1015
1092
1058
1023
164
1002
1036
1008
1065
1044
1039
191
1087
180
146
182
1029
1048
130
176
1096
127
102
1099
1027
164
1014
177
1018
1029
174
1099
188
123
1002
1080
1098
1041
1085
1056
157
162
1070
188
150
160
192
1018
1061
159
137
182
1035
1055
194
1022
1063
1067
123
1006
1075
110
146
181
125
1038
121
178
1010
170
144
147
143
1025
129
173
138
1013
111
1087
1015
143
1083
170
180
1040
189
1092
158
121
134
1013
1053
178
1009
1061
1003
135
1057
186
1093
113
1006
154
172
1062
136
1083
139
153
1054
148
180
1029
169
1099
119
1072
1013
1032
178
167
172
1081
176
127
193
195
173
1002
145
148
136
197
161
120
1080
170
1040
198
103
1056
123
157
133
1051
1041
126
164
195
115
1048
1097
1086
120
148
1016
1027
1019
1064
174
107
1084
180
157
1051
1074
123
1005
1045
162
174
1033
1043
1067
1062
170
112
116
122
1016
1024
105
129
1049
197
106
1094
1012
192
1090
101
1004
1001
1051
195
163
134
1075
182
1068
1083
170
192
194
146
122
1086
1091
143
1048
1021
1086
1069
109
1092
162
140
158
1076
198
144
1066
157
1021
1077
188
1038
117
1039
130
